300.00
300.74
301.48
302.22
302.97
303.71
304.46
305.20
305.95
306.70
307.46
308.21
308.97
309.72
310.48
311.24
312.00
312.76
313.53
314.30
315.07
315.84
316.61
317.38
318.15
318.92
319.70
320.48
321.26
322.02
322.81
323.59
324.38
325.16
325.95
326.74
327.53
328.33
329.12
329.91
330.71
331.51
332.31
333.11
333.92
334.73
335.54
336.35
337.16
337.97
338.79
339.60
340.42
341.24
342.06
342.88
343.71
344.53
345.36
346.19
347.02
347.85
348.69
349.52
350.36
351.20
352.04
352.88
353.73
354.57
355.42
356.27
357.12
357.97
358.83
359.69
360.54
361.40
362.26
363.13
363.99
364.86
365.73
366.60
367.47
368.34
369.22
370.10
370.97
371.85
372.74
373.62
374.51
375.39
376.28
377.17
378.07
378.96
379.86
380.75
381.65
382.56
383.46
384.36
385.27
386.18
387.09
388.01
388.92
389.84
390.75
391.67
392.60
393.53
394.45
395.38
396.31
397.24
398.17
399.11
400.05
400.98
401.93
402.87
403.81
404.76
405.71
406.66
